best_tree_num = 0   #1000
best_max_depth = 0   #6
best_min_child_weight = 0   #3
best_learning_rate = 0   #0.1

average error trained is 0.004284688586318432
average error is 0.01788154702633619

average error trained is 0.004284691165863929
average error is 0.017881547899709804

[0.00000000e+00 7.75256604e-02 2.07595184e-01 3.28838676e-02
 9.09526367e-03 8.48971494e-03 2.52612885e-02 1.10606719e-02
 8.59575812e-03 3.64228967e-04 1.27737795e-03 2.52203288e-04
 1.70996822e-02 4.47943050e-04 6.44316257e-04 1.14950503e-03
 3.99290547e-02 4.62361891e-03 9.61256330e-04 2.51071906e-04
 5.48935961e-04 9.72529699e-04 7.19281030e-04 4.42287797e-04
 6.27136091e-04 2.86893977e-04 9.58167948e-04 1.00370438e-03
 1.99180155e-04 1.35805225e-03 1.06536970e-03 2.02244104e-04
 1.61335757e-03 7.36462127e-04 6.52288436e-04 1.93290864e-04
 4.42085468e-04 5.47956093e-04 5.76603878e-03 1.36782986e-03
 6.55023381e-04 8.48946511e-04 7.75097113e-04 6.16559118e-05
 4.02975187e-04 4.31056425e-04 3.88774875e-04 5.65404713e-04
 1.28186885e-02 1.72849934e-04 3.11334315e-03 4.04551742e-04
 2.16862513e-03 7.75806839e-04 6.22072141e-04 9.57955664e-04
 8.34938837e-04 7.12668058e-04 6.66627137e-04 2.06561788e-04
 4.84406046e-04 1.61996915e-03 1.96057445e-04 7.14079826e-04
 6.43936452e-04 1.64034733e-04 6.86013314e-04 5.01296134e-04
 3.59489513e-03 3.37783713e-04 4.76972200e-04 4.35419701e-04
 8.29859730e-03 1.40753330e-03 2.55353120e-03 3.85653810e-03
 3.84402170e-04 2.26950482e-03 1.75188947e-03 2.11766033e-04
 1.44123612e-03 1.69221370e-03 5.89034287e-04 2.04160437e-03
 7.22320925e-04 4.22592554e-03 1.02749025e-03 1.42604334e-03
 1.00393977e-03 2.45018560e-03 7.05452217e-03 2.43477197e-03
 1.44909797e-02 5.78726735e-03 1.17174629e-03 5.73523995e-03
 4.39361781e-02 8.15795176e-03 5.79444133e-02 2.28444189e-01
 8.28397498e-02]